Niveau : 
222222222222222222222
200000000000000000002
202020202020202020202
200000000000000000002
202020202020202020202
200000000000000000002
202020202020202020202
200000000000000000002
202020202020202020202
200000000000000000002
202020202020202020202
200000000000000000002
202020202020202020202
200000000000000000002
202020202020202020202
200000000000000000002
202020202020202020202
200000000000000000002
202020202020202020202
200000000000000000002
222222222222222222222

PowerUpTab: 
 0 0 0 0 0 0 0 0 0 0 0 0 0 0 0 0 0 0 0 0 0
 0 0 0 0 0 0 0 0 0 0 0 0 0 0 0 0 0 0 0 0 0
 0 0 0 0 0 0 0 0 0 0 0 0 0 0 0 0 0 0 0 0 0
 0 0 0 0 0 0 0 0 0 0 0 0 0 0 0 0 0 0 0 0 0
 0 0 0 0 0 0 0 0 0 0 0 0 0 0 0 0 0 0 0 0 0
 0 0 0 0 0 0 0 0 0 0 0 0 0 0 0 0 0 0 0 0 0
 0 0 0 0 0 0 0 0 0 0 0 0 0 0 0 0 0 0 0 0 0
 0 0 0 0 0 0 0 0 0 0 0 0 0 0 0 0 0 0 0 0 0
 0 0 0 0 0 0 0 0 0 0 0 0 0 0 0 0 0 0 0 0 0
 0 0 0 0 0 0 0 0 0 0 0 0 0 0 0 0 0 0 0 0 0
 0 0 0 0 0 0 0 0 0 0 0 0 0 0 0 0 0 0 0 0 0
 0 0 0 0 0 0 0 0 0 0 0 0 0 0 0 0 0 0 0 0 0
 0 0 0 0 0 0 0 0 0 0 0 0 0 0 0 0 0 0 0 0 0
 0 0 0 0 0 0 0 0 0 0 0 0 0 0 0 0 0 0 0 0 0
 0 0 0 0 0 0 0 0 0 0 0 0 0 0 0 0 0 0 0 0 0
 0 0 0 0 0 0 0 0 0 0 0 0 0 0 0 0 0 0 0 0 0
 0 0 0 0 0 0 0 0 0 0 0 0 0 0 0 0 0 0 0 0 0
 0 0 0 0 0 0 0 0 0 0 0 0 0 0 0 0 0 0 0 0 0
 0 0 0 0 0 0 0 0 0 0 0 0 0 0 0 0 0 0 0 0 0
 0 0 0 0 0 0 0 0 0 0 0 0 0 0 0 0 0 0 0 0 0
 0 0 0 0 0 0 0 0 0 0 0 0 0 0 0 0 0 0 0 0 0


player 1 : nom:Matthieu ,x: 5,y: 7,color:2,type:1,nb_b:3,nb_rayon:3,nb_vie:3

Position des bombes du player 1
X  Y  T
 0  0  0
 0  0  0
 0  0  0
 0  0  0
 0  0  0

player 2 : nom:false ,x:19,y:19,color:0,type:0,nb_b:1,nb_rayon:1,nb_vie:3

Position des bombes du player 2
X  Y  T
 0  0  0
 0  0  0
 0  0  0
 0  0  0
 0  0  0

 niveau 1