Niveau : 
222222222222222222222
200000000000000000002
202020202020202020202
200000000000000000002
202020202020202020202
200000000000000000002
202020202020202020202
200000000000000000002
202020202020202020202
200000000000000000002
202020202020202020202
200000000000000000002
202020202020202020202
200000000000000000002
202020202020202020202
200000000000000000002
202020202020202020202
200000000000000000002
202020202020202020202
200000000000000000002
222222222222222222222

PowerUpTab: 
 0 0 0 0 0 0 0 0 0 0 0 0 0 0 0 0 0 0 0 0 0
 0 0 0 0 0 0 0 0 0 0 0 0 0 0 0 0 0 0 0 0 0
 0 0 0 0 0 0 0 0 0 0 0 0 0 0 0 0 0 0 0 0 0
 0 0 0 0 0 0 0 0 0 0 0 0 0 0 0 0 0 0 0 0 0
 0 0 0 0 0 0 0 0 0 0 0 0 0 0 0 0 0 0 0 0 0
 0 0 0 0 0 0 0 0 0 0 0 0 0 0 0 0 0 0 0 0 0
 0 0 0 0 0 0 0 0 0 0 0 0 0 0 0 0 0 0 0 0 0
 0 0 0 0 0 0 0 0 0 0 0 0 0 0 0 0 0 0 0 0 0
 0 0 0 0 0 0 0 0 0 0 0 0 0 0 0 0 0 0 0 0 0
 0 0 0 0 0 0 0 0 0 0 0 0 0 0 0 0 0 0 0 0 0
 0 0 0 0 0 0 0 0 0 0 0 0 0 0 0 0 0 0 0 0 0
 0 0 0 0 0 0 0 0 0 0 0 0 0 0 0 0 0 0 0 0 0
 0 0 0 0 0 0 0 0 0 0 0 0 0 0 0 0 0 0 0 0 0
 0 0 0 0 0 0 0 0 0 0 0 0 0 0 0 0 0 0 0 0 0
 0 0 0 0 0 0 0 0 0 0 0 0 0 0 0 0 0 0 0 0 0
 0 0 0 0 0 0 0 0 0 0 0 0 0 0 0 0 0 0 0 0 0
 0 0 0 0 0 0 0 0 0 0 0 0 0 0 0 0 0 0 0 0 0
 0 0 0 0 0 0 0 0 0 0 0 0 0 0 0 0 0 0 0 0 0
 0 0 0 0 0 0 0 0 0 0 0 0 0 0 0 0 0 0 0 0 0
 0 0 0 0 0 0 0 0 0 0 0 0 0 0 0 0 0 0 0 0 0
 0 0 0 0 0 0 0 0 0 0 0 0 0 0 0 0 0 0 0 0 0


player 1 : nom:Matthieu ,x: 5,y: 7,color:4,type:1,nb_b:2,nb_rayon:3,nb_vie:3

Position des bombes du player 1
X  Y  T
 0  0  0
 0  0  0
 0  0  0
 0  0  0
 0  0  0

player 2 : nom:Alexandre,x:16,y:13,color:2,type:2,nb_b:3,nb_rayon:3,nb_vie:2

Position des bombes du player 2
X  Y  T
 0  0  0
 0  0  0
 0  0  0
 0  0  0
 0  0  0

 niveau -2