Niveau : 
222222222222222222222
200100001001011001002
202020202020202120202
200110100100100000102
202021202020212120212
200001000100000011102
212020202021202020202
210000101011000110002
212020212020202120212
200000010011000000102
212021202020212020202
200000000111000110002
202020202121212121212
201000100010000000012
202020202021202120202
200101001100001000102
202021212021212020202
201001000001101001102
202020202021202020202
200001010001000101002
222222222222222222222

PowerUpTab: 
 0 0 0 0 0 0 0 0 0 0 0 0 0 0 0 0 0 0 0 0 0
 0 0 0 0 0 0 0 0 0 0 0 0 0 0 0 0 0 0 0 0 0
 0 0 0 0 0 0 0 0 0 0 0 0 0 0 0 0 0 0 0 0 0
 0 0 0 0 0 0 0 0 0 0 0 0 0 0 0 0 0 0 0 0 0
 0 0 0 0 0 0 0 0 0 0 0 0 0 0 0 0 0 0 0 0 0
 0 0 0 0 0 0 0 0 0 0 0 0 0 0 0 0 0 0 0 0 0
 0 0 0 0 0 0 0 0 0 0 0 0 0 0 0 0 0 0 0 0 0
 0 0 0 0 2 0 0 0 0 0 0 0 0 0 0 0 0 0 0 0 0
 0 0 025 0 0 0 0 0 0 0 0 0 0 0 0 0 0 0 0 0
 0 0 0 0 0 0 0 0 0 0 0 0 0 0 0 0 0 0 0 0 0
 0 0 0 0 0 0 0 0 0 0 0 0 0 0 0 0 0 0 0 0 0
 0 0 0 0 0 0 0 0 0 0 0 0 0 0 0 0 0 0 0 0 0
 0 0 0 0 0 0 0 0 0 0 0 0 0 0 0 0 0 0 0 0 0
 0 0 0 0 0 0 0 0 0 0 0 0 0 0 0 0 0 0 0 0 0
 0 0 0 0 0 0 0 0 0 0 0 0 0 0 0 0 0 0 0 0 0
 0 0 0 0 0 0 0 0 0 0 0 0 0 0 0 0 0 0 0 0 0
 0 0 0 0 0 0 0 0 0 0 0 0 0 0 0 0 0 0 0 0 0
 0 0 0 0 0 0 0 0 0 0 0 0 0 0 0 0 0 0 0 0 0
 0 0 0 0 0 0 0 0 0 0 0 0 0 0 0 0 0 0 0 0 0
 0 0 0 0 0 0 0 0 0 0 0 0 0 0 0 0 0 0 0 0 0
 0 0 0 0 0 0 0 0 0 0 0 0 0 0 0 0 0 0 0 0 0


player 1 : nom:Matthieu ,x: 1,y: 4,color:1,type:1,nb_b:1,nb_rayon:1,nb_vie:3

Position des bombes du player 1
X  Y  T
 4  5 -1
 0  0  0
 0  0  0
 0  0  0
 0  0  0

player 2 : nom:false ,x:19,y:19,color:0,type:0,nb_b:1,nb_rayon:1,nb_vie:3

Position des bombes du player 2
X  Y  T
 0  0  0
 0  0  0
 0  0  0
 0  0  0
 0  0  0